    1    33.959 115.20145 101.19066
    2    30.562 192.81723 102.03889
    3    49.664 244.57515  99.75133
    4    79.916 260.45959  98.82461
    5   169.835 268.37281  98.82502
    6   210.493 269.60259  98.60818
    7    97.052 297.91965  97.74288
    8   135.910 374.11866  99.60193
    9   135.774  25.88187 100.77051
   10   213.431 136.36465 100.47897
  101     8.690  35.36505 100.93416
  102     7.818  28.35049 101.06092
  103     8.269  19.80734 101.06076
  104    33.355   4.98561 100.67745
  105    64.913   2.64394 100.47743
  106    65.960  12.19953 100.73171
  107    70.126  26.54386 100.98993
  108    42.061  27.38876 101.07330