101    745022.523    1040787.295    229.885    
102    744962.869    1040734.064    225.845    
103    744911.893    1040688.825    222.547    
104    744947.062    1040649.464    223.357    
105    744974.758    1040618.381    224.234    
106    745022.869    1040661.210    228.350    
107    745072.205    1040705.193    232.593    
108    745059.630    1040719.906    232.087    
109    745047.085    1040737.708    231.530    
110    745035.513    1040756.624    230.813    
111    745031.083    1040765.751    230.520    
112    745026.582    1040776.045    230.275    

