               101   50 06 16.45762   14 23 10.91531   274.782                                                              
               102   50 06 18.42845   14 23 13.52260   270.740                                                                 
               103   50 06 20.10469   14 23 15.75253   267.438                                                                   
               104   50 06 21.21105   14 23 13.72831   268.250                                                                 
               105   50 06 22.08509   14 23 12.13355   269.127                                                                  
               106   50 06 20.49885   14 23 10.03007   273.245                                                                   
               107   50 06 18.87013   14 23 07.87332   277.490                                                                   
               108   50 06 18.45408   14 23 08.60148   276.984                                                                   
               109   50 06 17.93881   14 23 09.34946   276.427                                                               
               110   50 06 17.38352   14 23 10.05660   275.710                                                                  
               111   50 06 17.11050   14 23 10.34026   275.417                                                                  
               112   50 06 16.80034   14 23 10.63551   275.172             